        name      n_grid  grid_index      energy       total     elastic     fission  nu_fission  absorption     heatingindex_fissio   nu_t_data   nu_p_data   nu_d_datanu_d_precurs  nu_d_edist   reactions
   92234.70c       25480           0       25480       25480       25480       25480       25480       25480           0           4          18          16          10          42           6          51
   92235.70c       76525           0       76525       76525       76525       76525       76525       76525           0           1         160         160          14          42           6          49
   92236.70c       24118           0       24118       24118       24118       24118       24118       24118           0           4          48          48          32          42           6          51
   92238.70c      157754           0      157754      157754      157754      157754      157754      157754           0           1          22          22          10          42           6          48
   93237.70c       41035           0       41035       41035       41035       41035       41035       41035           0           1          14          14          10          42           6          39
   94238.70c        5676           0        5676        5676        5676        5676        5676        5676           0           4          10          10          10          42           6          23
   94239.70c       72098           0       72098       72098       72098       72098       72098       72098           0           1        5454        5454          10          42           6          49
   94240.70c       47004           0       47004       47004       47004       47004       47004       47004           0           4          12          12          10          42           6          29
   94241.70c       18544           0       18544       18544       18544       18544       18544       18544           0           1          12          12          10          42           6          22
   94242.70c       16750           0       16750       16750       16750       16750       16750       16750           0           1          10          10          10          42           6          26
   95241.70c       19721           0       19721       19721       19721       19721       19721       19721           0           1         202         202          10          42           6          48
   95242.70c        3068           0        3068        3068        3068        3068        3068        3068           0           1          26          26       13073    14682097  1598279507          41
   95243.70c       27240           0       27240       27240       27240       27240       27240       27240           0           1         304         304          10          42           6          21
   96242.70c        5374           0        5374        5374        5374        5374        5374        5374           0           4          10          10          10          42           6          11
   96243.70c        6575           0        6575        6575        6575        6575        6575        6575           0           4          34          34       13073    14682097  1598279507          33
   96244.70c       19049           0       19049       19049       19049       19049       19049       19049           0           1          10           6       13073    14682097  1598279507          16
   96245.70c        5022           0        5022        5022        5022        5022        5022        5022           0           1          36          36          10          42           6          24
   42095.70c       11602           0       11602       11602       11602       11602       11602       11602           0           0 -1302033023     5284326       13073    14682097  1598279507          83
   43099.70c       53985           0       53985       53985       53985       53985       53985       53985           0           0 -1302033023     5284326       13073    14682097  1598279507          63
   44101.70c       11072           0       11072       11072       11072       11072       11072       11072           0           0 -1302033023     5284326       13073    14682097  1598279507         115
   44103.70c        3269           0        3269        3269        3269        3269        3269        3269           0           0 -1302033023     5284326       13073    14682097  1598279507          38
   47109.70c       39846           0       39846       39846       39846       39846       39846       39846           0           0 -1302033023     5284326       13073    14682097  1598279507          67
   54135.70c        2709           0        2709        2709        2709        2709        2709        2709           0           0 -1302033023     5284326       13073    14682097  1598279507          33
   55133.70c       29727           0       29727       29727       29727       29727       29727       29727           0           0 -1302033023     5284326       13073    14682097  1598279507          52
   60143.70c       25770           0       25770       25770       25770       25770       25770       25770           0           0 -1302033023     5284326       13073    14682097  1598279507          43
   60145.70c       35882           0       35882       35882       35882       35882       35882       35882           0           0 -1302033023     5284326       13073    14682097  1598279507          55
   62147.70c       39554           0       39554       39554       39554       39554       39554       39554           0           0 -1302033023     5284326       13073    14682097  1598279507          71
   62149.70c       26500           0       26500       26500       26500       26500       26500       26500           0           0 -1302033023     5284326       13073    14682097  1598279507          72
   62150.70c        8796           0        8796        8796        8796        8796        8796        8796           0           0 -1302033023     5284326       13073    14682097  1598279507          70
   62151.70c       17861           0       17861       17861       17861       17861       17861       17861           0           0 -1302033023     5284326       13073    14682097  1598279507          62
   62152.70c       22080           0       22080       22080       22080       22080       22080       22080           0           0 -1302033023     5284326       13073    14682097  1598279507          81
   63153.70c        9944           0        9944        9944        9944        9944        9944        9944           0           0 -1302033023     5284326       13073    14682097  1598279507          48
   64155.70c       12875           0       12875       12875       12875       12875       12875       12875           0           0 -1302033023     5284326       13073    14682097  1598279507          65
    8016.70c        2849           0        2849        2849        2849        2849        2849        2849           0           0 -1302033023     5284326       13073    14682097  1598279507          69
   40090.70c        4893           0        4893        4893        4893        4893        4893        4893           0           0 -1302033023     5284326       13073    14682097  1598279507          80
   40091.70c       15603           0       15603       15603       15603       15603       15603       15603           0           0 -1302033023     5284326       13073    14682097  1598279507          33
   40092.70c       13996           0       13996       13996       13996       13996       13996       13996           0           0 -1302033023     5284326       13073    14682097  1598279507          35
   40094.70c       13824           0       13824       13824       13824       13824       13824       13824           0           0 -1302033023     5284326       13073    14682097  1598279507          31
   40096.70c        8206           0        8206        8206        8206        8206        8206        8206           0           0 -1302033023     5284326       13073    14682097  1598279507          23
    1001.70c         590           0         590         590         590         590         590         590           0           0 -1302033023     5284326       13073    14682097  1598279507           4
    5010.70c         934           0         934         934         934         934         934         934           0           0 -1302033023     5284326       13073    14682097  1598279507          54
    5011.70c        3489           0        3489        3489        3489        3489        3489        3489           0           0 -1302033023     5284326       13073    14682097  1598279507          23
   26054.70c       21487           0       21487       21487       21487       21487       21487       21487           0           0 -1302033023     5284326       13073    14682097  1598279507          22
   26056.70c       30280           0       30280       30280       30280       30280       30280       30280           0           0 -1302033023     5284326       13073    14682097  1598279507          43
   26057.70c       15925           0       15925       15925       15925       15925       15925       15925           0           0 -1302033023     5284326       13073    14682097  1598279507          19
   26058.70c       12025           0       12025       12025       12025       12025       12025       12025           0           0 -1302033023     5284326       13073    14682097  1598279507          13
   28058.70c       47427           0       47427       47427       47427       47427       47427       47427           0           0 -1302033023     5284326       13073    14682097  1598279507          23
   28060.70c       25883           0       25883       25883       25883       25883       25883       25883           0           0 -1302033023     5284326       13073    14682097  1598279507          26
   28061.70c        7745           0        7745        7745        7745        7745        7745        7745           0           0 -1302033023     5284326       13073    14682097  1598279507          22
   28062.70c        9800           0        9800        9800        9800        9800        9800        9800           0           0 -1302033023     5284326       13073    14682097  1598279507          19
   28064.70c        8134           0        8134        8134        8134        8134        8134        8134           0           0 -1302033023     5284326       13073    14682097  1598279507          17
   25055.70c       12823           0       12823       12823       12823       12823       12823       12823           0           0 -1302033023     5284326       13073    14682097  1598279507          46
   42092.70c       14849           0       14849       14849       14849       14849       14849       14849           0           0 -1302033023     5284326       13073    14682097  1598279507          34
   42094.70c       11770           0       11770       11770       11770       11770       11770       11770           0           0 -1302033023     5284326       13073    14682097  1598279507          38
   42096.70c       14939           0       14939       14939       14939       14939       14939       14939           0           0 -1302033023     5284326       13073    14682097  1598279507          33
   42097.70c       15299           0       15299       15299       15299       15299       15299       15299           0           0 -1302033023     5284326       13073    14682097  1598279507          31
   42098.70c       22724           0       22724       22724       22724       22724       22724       22724           0           0 -1302033023     5284326       13073    14682097  1598279507          30
   42100.70c       20801           0       20801       20801       20801       20801       20801       20801           0           0 -1302033023     5284326       13073    14682097  1598279507          23
   14028.70c        8255           0        8255        8255        8255        8255        8255        8255           0           0 -1302033023     5284326       13073    14682097  1598279507          64
   14029.70c        5034           0        5034        5034        5034        5034        5034        5034           0           0 -1302033023     5284326       13073    14682097  1598279507          66
   14030.70c        6235           0        6235        6235        6235        6235        6235        6235           0           0 -1302033023     5284326       13073    14682097  1598279507          40
   24050.70c       33355           0       33355       33355       33355       33355       33355       33355           0           0 -1302033023     5284326       13073    14682097  1598279507          21
   24052.70c       23617           0       23617       23617       23617       23617       23617       23617           0           0 -1302033023     5284326       13073    14682097  1598279507          24
   24053.70c       15271           0       15271       15271       15271       15271       15271       15271           0           0 -1302033023     5284326       13073    14682097  1598279507          27
   24054.70c       15260           0       15260       15260       15260       15260       15260       15260           0           0 -1302033023     5284326       13073    14682097  1598279507          16
    6000.70c        1303           0        1303        1303        1303        1303        1303        1303           0           0 -1302033023     5284326       13073    14682097  1598279507          24
   29063.70c       25630           0       25630       25630       25630       25630       25630       25630           0           0 -1302033023     5284326       13073    14682097  1598279507          39
   29065.70c       19692           0       19692       19692       19692       19692       19692       19692           0           0 -1302033023     5284326       13073    14682097  1598279507          31
